         0    0
         0    0.1000
         0    0.2000
         0    0.3000
         0    0.4000
         0    0.5000
         0    0.6000
         0    0.7000
         0    0.8000
         0    0.9000
         0    1.0000
         0    1.1000
         0    1.2000
         0    1.3000
         0    1.4000
         0    1.5000
         0    1.6000
         0    1.7000
         0    1.8000
         0    1.9000
         0    2.0000
	 0    2.1000
         0    2.2000
         0    2.3000
         0    2.4000
         0    2.5000
         0    2.6000
         0    2.7000
         0    2.8000
         0    2.9000
         0    3.0000
         0    3.1000
         0    3.2000
         0    3.3000
         0    3.4000
         0    3.5000
         0    3.6000
         0    3.7000
         0    3.8000
         0    3.9000
         0    4.0000
         0    4.1000
         0    4.2000
         0    4.3000
         0    4.4000
         0    4.5000
         0    4.6000
         0    4.7000
         0    4.8000
         0    4.9000
         0    5.0000
         0    5.1000
         0    5.2000
         0    5.3000
         0    5.4000
         0    5.5000
         0    5.6000
         0    5.7000
         0    5.8000
         0    5.9000
         0    6.0000
         0    6.1000
         0    6.2000
         0    6.3000
         0    6.4000
         0    6.5000
         0    6.6000
         0    6.7000
         0    6.8000
         0    6.9000
         0    7.0000
         0    7.1000
         0    7.2000
         0    7.3000
         0    7.4000
         0    7.5000
         0    7.6000
         0    7.7000
         0    7.8000
         0    7.9000
         0    8.0000
         0    8.1000
         0    8.2000
         0    8.3000
         0    8.4000
         0    8.5000
         0    8.6000
         0    8.7000
         0    8.8000
         0    8.9000
         0    9.0000
         0    9.1000
         0    9.2000
         0    9.3000
         0    9.4000
         0    9.5000
         0    9.6000
         0    9.7000
         0    9.8000
         0    9.9000
         0   10.0000
  536.5335   10.1000
  538.0059   10.2000
  539.4411   10.3000
  540.8383   10.4000
  542.1965   10.5000
  543.5147   10.6000
  544.7921   10.7000
  546.0278   10.8000
  547.2209   10.9000
  548.3707   11.0000
  549.4763   11.1000
  550.5372   11.2000
  551.5525   11.3000
  552.5216   11.4000
  553.4438   11.5000
  554.3186   11.6000
  555.1453   11.7000
  555.9235   11.8000
  556.6526   11.9000
  557.3322   12.0000
  557.9618   12.1000
  558.5410   12.2000
  559.0695   12.3000
  559.5468   12.4000
  559.9728   12.5000
  560.3471   12.6000
  560.6694   12.7000
  560.9397   12.8000
  561.1576   12.9000
  561.3231   13.0000
  561.4361   13.1000
  561.4965   13.2000
  561.5042   13.3000
  561.4593   13.4000
  561.3618   13.5000
  561.2117   13.6000
  561.0091   13.7000
  560.7542   13.8000
  560.4472   13.9000
  560.0881   14.0000
  559.6774   14.1000
  559.2151   14.2000
  558.7016   14.3000
  558.1373   14.4000
  557.5225   14.5000
  556.8576   14.6000
  556.1431   14.7000
  555.3793   14.8000
  554.5668   14.9000
  553.7061   15.0000
  552.7979   15.1000
  551.8426   15.2000
  550.8409   15.3000
  549.7934   15.4000
  548.7010   15.5000
  547.5642   15.6000
  546.3839   15.7000
  545.1608   15.8000
  543.8957   15.9000
  542.5896   16.0000
  541.2433   16.1000
  539.8576   16.2000
  538.4337   16.3000
  536.9723   16.4000
         0   16.5000
         0   16.6000
         0   16.7000
         0   16.8000
         0   16.9000
         0   17.0000
         0   17.1000
         0   17.2000
         0   17.3000
         0   17.4000
         0   17.5000
         0   17.6000
         0   17.7000
         0   17.8000
         0   17.9000
         0   18.0000
         0   18.1000
         0   18.2000
         0   18.3000
         0   18.4000
         0   18.5000
         0   18.6000
         0   18.7000
         0   18.8000
         0   18.9000
         0   19.0000
         0   19.1000
         0   19.2000
         0   19.3000
         0   19.4000
         0   19.5000
         0   19.6000
         0   19.7000
         0   19.8000
         0   19.9000
         0   20.0000
         0   20.1000
         0   20.2000
         0   20.3000
         0   20.4000
         0   20.5000
         0   20.6000
         0   20.7000
         0   20.8000
         0   20.9000
         0   21.0000
         0   21.1000
         0   21.2000
         0   21.3000
         0   21.4000
         0   21.5000
         0   21.6000
         0   21.7000
         0   21.8000
         0   21.9000
         0   22.0000
         0   22.1000
         0   22.2000
         0   22.3000
         0   22.4000
         0   22.5000
         0   22.6000
         0   22.7000
         0   22.8000
         0   22.9000
         0   23.0000
         0   23.1000
         0   23.2000
         0   23.3000
         0   23.4000
         0   23.5000
         0   23.6000
         0   23.7000
         0   23.8000
         0   23.9000
         0   24.0000


