	 0    0
         0    0.1000
         0    0.2000
         0    0.3000
         0    0.4000
         0    0.5000
         0    0.6000
         0    0.7000
         0    0.8000
         0    0.9000
         0    1.0000
         0    1.1000
         0    1.2000
         0    1.3000
         0    1.4000
         0    1.5000
         0    1.6000
         0    1.7000
         0    1.8000
         0    1.9000
         0    2.0000	
	 0    2.1000
         0    2.2000
         0    2.3000
         0    2.4000
         0    2.5000
         0    2.6000
         0    2.7000
         0    2.8000
         0    2.9000
         0    3.0000
         0    3.1000
         0    3.2000
         0    3.3000
         0    3.4000
         0    3.5000
         0    3.6000
         0    3.7000
         0    3.8000
         0    3.9000
         0    4.0000
         0    4.1000
         0    4.2000
         0    4.3000
         0    4.4000
         0    4.5000
         0    4.6000
         0    4.7000
         0    4.8000
         0    4.9000
         0    5.0000
         0    5.1000
         0    5.2000
         0    5.3000
         0    5.4000
         0    5.5000
         0    5.6000
         0    5.7000
         0    5.8000
         0    5.9000
         0    6.0000
  536.4887    6.1000
  538.5736    6.2000
  540.6724    6.3000
  542.7837    6.4000
  544.9059    6.5000
  547.0374    6.6000
  549.1767    6.7000
  551.3223    6.8000
  553.4726    6.9000
  555.6260    7.0000
  557.7811    7.1000
  559.9361    7.2000
  562.0897    7.3000
  564.2403    7.4000
  566.3862    7.5000
  568.5260    7.6000
  570.6582    7.7000
  572.7812    7.8000
  574.8936    7.9000
  576.9938    8.0000
  579.0803    8.1000
  581.1518    8.2000
  583.2067    8.3000
  585.2437    8.4000
  587.2614    8.5000
  589.2583    8.6000
  591.2330    8.7000
  593.1844    8.8000
  595.1110    8.9000
  597.0115    9.0000
  598.8847    9.1000
  600.7294    9.2000
  602.5442    9.3000
  604.3281    9.4000
  606.0799    9.5000
  607.7985    9.6000
  609.4827    9.7000
  611.1314    9.8000
  612.7438    9.9000
  614.3186   10.0000
  615.8549   10.1000
  617.3519   10.2000
  618.8085   10.3000
  620.2240   10.4000
  621.5973   10.5000
  622.9277   10.6000
  624.2145   10.7000
  625.4568   10.8000
  626.6539   10.9000
  627.8051   11.0000
  628.9097   11.1000
  629.9672   11.2000
  630.9769   11.3000
  631.9381   11.4000
  632.8505   11.5000
  633.7134   11.6000
  634.5264   11.7000
  635.2890   11.8000
  636.0008   11.9000
  636.6614   12.0000
  637.2705   12.1000
  637.8277   12.2000
  638.3327   12.3000
  638.7852   12.4000
  639.1851   12.5000
  639.5320   12.6000
  639.8258   12.7000
  640.0663   12.8000
  640.2535   12.9000
  640.3871   13.0000
  640.4672   13.1000
  640.4938   13.2000
  640.4667   13.3000
  640.3860   13.4000
  640.2517   13.5000
  640.0640   13.6000
  639.8230   13.7000
  639.5286   13.8000
  639.1813   13.9000
  638.7810   14.0000
  638.3281   14.1000
  637.8228   14.2000
  637.2653   14.3000
  636.6560   14.4000
  635.9952   14.5000
  635.2834   14.6000
  634.5207   14.7000
  633.7078   14.8000
  632.8451   14.9000
  631.9330   15.0000
  630.9721   15.1000
  629.9630   15.2000
  628.9061   15.3000
  627.8022   15.4000
  626.6518   15.5000
  625.4556   15.6000
  624.2144   15.7000
  622.9289   15.8000
  621.5998   15.9000
  620.2280   16.0000
  618.8143   16.1000
  617.3594   16.2000
  615.8645   16.3000
  614.3302   16.4000
  612.7577   16.5000
  611.1479   16.6000
  609.5018   16.7000
  607.8204   16.8000
  606.1049   16.9000
  604.3563   17.0000
  602.5758   17.1000
  600.7646   17.2000
  598.9237   17.3000
  597.0545   17.4000
  595.1582   17.5000
  593.2360   17.6000
  591.2893   17.7000
  589.3193   17.8000
  587.3274   17.9000
  585.3151   18.0000
  583.2835   18.1000
  581.2343   18.2000
  579.1687   18.3000
  577.0882   18.4000
  574.9944   18.5000
  572.8886   18.6000
  570.7724   18.7000
  568.6472   18.8000
  566.5146   18.9000
  564.3761   19.0000
  562.2332   19.1000
  560.0875   19.2000
  557.9405   19.3000
  555.7937   19.4000
  553.6488   19.5000
  551.5072   19.6000
  549.3706   19.7000
  547.2404   19.8000
  545.1182   19.9000
  543.0056   20.0000
  540.9041   20.1000
  538.8152   20.2000
  536.7404   20.3000
         0   20.4000
         0   20.5000
         0   20.6000
         0   20.7000
         0   20.8000
         0   20.9000
         0   21.0000
         0   21.1000
         0   21.2000
         0   21.3000
         0   21.4000
         0   21.5000
         0   21.6000
         0   21.7000
         0   21.8000
         0   21.9000
         0   22.0000
         0   22.1000
         0   22.2000
         0   22.3000
         0   22.4000
         0   22.5000
         0   22.6000
         0   22.7000
         0   22.8000
         0   22.9000
         0   23.0000
         0   23.1000
         0   23.2000
         0   23.3000
         0   23.4000
         0   23.5000
         0   23.6000
         0   23.7000
         0   23.8000
         0   23.9000
         0   24.0000

